. Ι 1611 666 ET 66161616. 671

Etymologieum M. 146, 22 p. 43 Etymologioum M. 013, 3 p. 13
130, 4 ‘ 3470 661, 66 16
166, 6 66. 61 666, 16 66
161, 66 66 666, 16 61

’ 161, 66 61 666, 11 66
166, 1 16 666, 16 16
161, 66 66 666, 6 66
166, 6 61 666, 16 11
666, 61 66 ’ 666, 66 66 sq.
616, 66 . 66 sq. 666, 66 66
666, 16 66 666, 66 66
666, 16 66 611, 66 66
666, 66 16 sq. 712, 16 66
666, 66 66 616, 66 66
616, 16 16 616, 61 66
313, 43 · 16 713, 33 66
616, 6 16 666, 16 16
661, 66 16 666, 66 61
666, 33 . 66 661, 1 66
666, 16 16 666, 6 61
166, 66 61 666, 66 66
111, 66 16 666, 16 66 sq.
411, 16 61 661, 11 66

, 161, 16 66 666, 66 66
166, 1 16 666, 61 6ο
166, 11 66 666, 16 61
166, 66 66 666, 16 61
430, 6 66 -661, 66 66
166, 66 66 666, 16 66
‘332 38 04 Etymolog7'01unG171lian11m
511111 66 p. 66, 66 16
511, 11 16 66, 6 66
1115, 48 66 61, 61 61
510, 11 16 66, 66 66
513,11 16 166, 66 1 “
511, 11 66 166, 16 66
111, ³3 66 666, 16 66
53151 66 666, 6. 14. 16 66
531155 66 611, 34 16
616, 16 66 666, 66 66
111, 11 30 666, 16 61
511, 33 66 666, 6 16
511, 11 16 666, 1 66
510, 31 66 666, 11 16
511, 1 66 666, 16 66
013, ¹⁷ 43 237, 00 66

 

